1.1 1.4   2.2   0.0  0.0
4   4.23  5.12  0.0  0.0
4   5     7.7   0.0  0.0
3   3     12    0.0  0.0
1   -3.2  5.6   0.0  0.0
4   4     8     0.0  0.0
5   5     12    0.0  0.0
0   0   0   0   0
1.1   2.2   3.3   5.5   2.0
4.1   4.23  5.12  10.0  2.0
4.2   5.0   7.75   9.0   4.0
3.3   3.0   12.202 20.0  15.102
1.4   -3.2  5.6   10.0  2.48
4.55   4.0   8.0   8.0   3.23
5.66  5.0   12.0  10.0  1.25
2.6   3.5   4.1   7.8   2.1010
1.512   -2.0  3.256   6.0   1.00512
5.0105   2.045   3.361   12.1204  4.05495